{PRIMITIVE=ANALOGUE
DC=0V
T0=0.0000
V0=0.000000V
T1=0.0336
V1=0.000005V
T2=0.0671
V2=0.000064V
T3=0.1007
V3=0.000152V
T4=0.1342
V4=0.000060V
T5=0.1678
V5=0.000003V
T6=0.2013
V6=-0.000023V
T7=0.2349
V7=0.000112V
T8=0.2685
V8=-0.000009V
T9=0.3020
V9=0.000148V
T10=0.3356
V10=0.000285V
T11=0.3691
V11=0.000271V
T12=0.4027
V12=0.000128V
T13=0.4362
V13=0.000030V
T14=0.4698
V14=0.000004V
T15=0.5034
V15=0.000000V
T16=0.5369
V16=0.000000V
T17=0.5705
V17=0.000000V
T18=0.6040
V18=0.000000V
T19=0.6376
V19=0.000000V
T20=0.6711
V20=0.000000V
T21=0.7047
V21=0.000000V
T22=0.7383
V22=0.000000V
T23=0.7718
V23=0.000000V
T24=0.8054
V24=0.000000V
T25=0.8389
V25=0.000000V
T26=0.8725
V26=0.000000V
T27=0.9060
V27=0.000000V
T28=0.9396
V28=0.000000V
T29=0.9732
V29=0.000000V
T30=1.0067
V30=0.000000V
T31=1.0403
V31=0.000009V
T32=1.0738
V32=0.000088V
T33=1.1074
V33=0.000146V
T34=1.1409
V34=0.000040V
T35=1.1745
V35=-0.000002V
T36=1.2081
V36=0.000260V
T37=1.2416
V37=-0.000138V
T38=1.2752
V38=0.000041V
T39=1.3087
V39=0.000179V
T40=1.3423
V40=0.000298V
T41=1.3758
V41=0.000247V
T42=1.4094
V42=0.000101V
T43=1.4430
V43=0.000020V
T44=1.4765
V44=0.000002V
T45=1.5101
V45=0.000000V
T46=1.5436
V46=0.000000V
T47=1.5772
V47=0.000000V
T48=1.6107
V48=0.000000V
T49=1.6443
V49=0.000000V
T50=1.6779
V50=0.000000V
T51=1.7114
V51=0.000000V
T52=1.7450
V52=0.000000V
T53=1.7785
V53=0.000000V
T54=1.8121
V54=0.000000V
T55=1.8456
V55=0.000000V
T56=1.8792
V56=0.000000V
T57=1.9128
V57=0.000000V
T58=1.9463
V58=0.000000V
T59=1.9799
V59=0.000000V
T60=2.0134
V60=0.000000V
T61=2.0470
V61=0.000016V
T62=2.0805
V62=0.000113V
T63=2.1141
V63=0.000130V
T64=2.1477
V64=0.000025V
T65=2.1812
V65=-0.000017V
T66=2.2148
V66=0.000775V
T67=2.2483
V67=-0.000235V
T68=2.2819
V68=0.000069V
T69=2.3154
V69=0.000209V
T70=2.3490
V70=0.000304V
T71=2.3826
V71=0.000219V
T72=2.4161
V72=0.000078V
T73=2.4497
V73=0.000014V
T74=2.4832
V74=0.000001V
T75=2.5168
V75=0.000000V
T76=2.5503
V76=0.000000V
T77=2.5839
V77=0.000000V
T78=2.6174
V78=0.000000V
T79=2.6510
V79=0.000000V
T80=2.6846
V80=0.000000V
T81=2.7181
V81=0.000000V
T82=2.7517
V82=0.000000V
T83=2.7852
V83=0.000000V
T84=2.8188
V84=0.000000V
T85=2.8523
V85=0.000000V
T86=2.8859
V86=0.000000V
T87=2.9195
V87=0.000000V
T88=2.9530
V88=0.000000V
T89=2.9866
V89=0.000000V
T90=3.0201
V90=0.000001V
T91=3.0537
V91=0.000027V
T92=3.0872
V92=0.000134V
T93=3.1208
V93=0.000107V
T94=3.1544
V94=0.000014V
T95=3.1879
V95=-0.000048V
T96=3.2215
V96=0.000957V
T97=3.2550
V97=-0.000202V
T98=3.2886
V98=0.000094V
T99=3.3221
V99=0.000239V
T100=3.3557
V100=0.000301V
T101=3.3893
V101=0.000188V
T102=3.4228
V102=0.000058V
T103=3.4564
V103=0.000009V
T104=3.4899
V104=0.000001V
T105=3.5235
V105=0.000000V
T106=3.5570
V106=0.000000V
T107=3.5906
V107=0.000000V
T108=3.6242
V108=0.000000V
T109=3.6577
V109=0.000000V
T110=3.6913
V110=0.000000V
T111=3.7248
V111=0.000000V
T112=3.7584
V112=0.000000V
T113=3.7919
V113=0.000000V
T114=3.8255
V114=0.000000V
T115=3.8591
V115=0.000000V
T116=3.8926
V116=0.000000V
T117=3.9262
V117=0.000000V
T118=3.9597
V118=0.000000V
T119=3.9933
V119=0.000000V
T120=4.0268
V120=0.000002V
T121=4.0604
V121=0.000043V
T122=4.0940
V122=0.000147V
T123=4.1275
V123=0.000083V
T124=4.1611
V124=0.000007V
T125=4.1946
V125=-0.000078V
T126=4.2282
V126=0.000579V
T127=4.2617
V127=-0.000102V
T128=4.2953
V128=0.000120V
T129=4.3289
V129=0.000265V
T130=4.3624
V130=0.000290V
T131=4.3960
V131=0.000157V
T132=4.4295
V132=0.000042V
T133=4.4631
V133=0.000005V
T134=4.4966
V134=0.000000V
T135=4.5302
V135=0.000000V
T136=4.5638
V136=0.000000V
T137=4.5973
V137=0.000000V
T138=4.6309
V138=0.000000V
T139=4.6644
V139=0.000000V
T140=4.6980
V140=0.000000V
T141=4.7315
V141=0.000000V
T142=4.7651
V142=0.000000V
T143=4.7987
V143=0.000000V
T144=4.8322
V144=0.000000V
T145=4.8658
V145=0.000000V
T146=4.8993
V146=0.000000V
T147=4.9329
V147=0.000000V
T148=4.9664
V148=0.000000V
T149=5.0000
V149=0.000000V

}